pos_x = 0.355
c = 1.0
m *= 0.01450000
p *= 0.60800000
t = 0.12

beta = 50