pos_x = 0.355
c = 1.0
m *= 0.00800000
p *= 0.42000000
t = 0.12

beta = 50