pos_x = 0.355
c = 1.0
m *= 0.01500000
p *= 0.61400000
t = 0.12

beta = 50